# 已由 scripts/fetch_arxiv.py 报告过的 arXiv id，自动维护，勿手动编辑
2608.06706
2608.06799
2608.07409
2608.07619
2608.07712
2608.07746
2608.08023
2608.08725
2608.09073
2608.09298
2608.09381
2608.09537
2608.09730
2608.09771
2608.09876
2608.10449
2608.10915
2608.11017
2608.11204
2608.12564
2608.13049
2608.13103
2608.13438
2608.13489
2608.13678
2608.13901
2608.14022
2608.14481
2608.15043
2608.15869
2608.16234
2608.16354
2608.16651
2608.16885
2608.17095
2608.17163
2608.17496
2608.18077
2608.18234
2608.18669
2608.18746
2608.19085
2608.19661
2608.20111
2608.20735
2608.20936
2608.22067
2608.22197
2608.22278
2608.22294
2608.22421
2608.22764
2608.23070
2608.23452
2608.23486
2608.23863
2608.24044
2608.24101
2608.24199
2608.24885
2608.25479
2608.25518
2608.25572
2608.25659
2608.25666
2608.26190
2608.26214
2608.26239
2608.26788
2608.27073
2608.27328
2608.27406
2608.28491
2608.28718
2608.28995
2608.29242
2608.29434
2608.29772
2608.29910
2608.29937
2608.30237
2608.30692
2608.30897
2609.00161
2609.00188
2609.01215
2609.02046
2609.02339
2609.02531
2609.02688
2609.02811
2609.02886
2609.03067
2609.03225
2609.03557
2609.03565
2609.03572
2609.03602
2609.03681
2609.03774
2609.03891
2609.03927
2609.03952
2609.04193
2609.04851
2609.04894
2609.04911
2609.05834
2609.06009
2609.06302
2609.06820
2609.06823
2609.07002
2609.07051
2609.07126
2609.07470
2609.07532
2609.08162
2609.08250
2609.08855
2609.09155
2609.09210
2609.09250
2609.09418
2609.09597
2609.09627
2609.09941
2609.10464
2609.10506
2609.10540
2609.11445
2607.16602
2609.12036
2609.12103
2609.12278
2609.12347
2609.13845
2609.14462
2609.14561
2609.14709
2609.15113
2609.15770
2609.15801
2606.18960
2609.16071
2609.16074
2609.16697
2609.16705
2609.17210
2609.17372
2609.17419
2607.02840
2609.17909
2609.18326
2609.18430
2609.19142
2601.07823
2605.10840
2607.20653
2609.19315
2609.19600
2609.20034
2609.20649
2603.16086
2609.20892
2609.21223
2609.21371
2609.21448
2609.21482
2609.21712
2609.21740
2609.22055
2411.15042
2510.02538
2606.23079
2609.22285
2609.22317
2609.22691
2609.22798
2609.22879
2609.23184
2609.24033
2609.24308
2609.24313
2609.24626
2609.24682
2609.24749
2609.24976
2406.04814
2605.30263
2609.26007
2609.26118
2609.26293
2609.26299
2609.26314
2605.06192
2609.27656
2609.27753
2609.28258
2609.28393
2609.28414
2606.03159
2606.13877
2609.28969
2609.29171
2609.29555
2609.29669
2609.23971
2609.24048
2609.25652
2609.28927
2609.30436
2609.30946
2609.31161
2609.31313
2609.31349
2609.31893
2609.31924
2609.31938
2609.32093
2609.32193
2609.32336
2609.32512
2609.32591
2609.32626
2609.32692
2609.32837
2609.32855
2609.33030
2609.33053
2609.33104
2609.33177
2609.33218
2609.33264
2609.33336
2609.33464
2609.33497
2609.33563
2609.33575
2609.33595
2609.33728
2609.33737
2609.33832
2609.33854
2609.34058
2609.34085
2609.34206
2609.34286
2609.34300
2609.34375
2609.34414
2609.34604
2609.34606
2609.35003
2609.35032
2609.35047
2609.35052
2609.35311
2609.35375
2609.35545
2609.35652
2609.36012
2609.36413
2609.36438
2609.36454
2609.36582
2609.36851
2609.37107
2609.37398
2609.37441
2609.37644
2609.38154
2609.38163
2609.38839
2609.38927
2609.39151
2609.39179
2609.39235
2609.39245
2609.39324
2609.39685
2609.39751
2609.40003
2609.40153
2609.40177
2610.00575
2610.00722
2610.00727
2610.00976
2610.01019
2610.01048
2610.01092
2610.01162
2610.01559
2610.01614
2610.02205
2610.02368
2610.02521
2610.02542
2610.02691
2610.02726
2610.02957
2610.03374
2610.03587
2610.04009
2610.04301
2610.04432
2610.04540
2610.04607
2610.04767
2610.04896
2610.04916
2610.04920
2610.04988
2610.05409
2610.05483
2610.06250
2610.06349
2610.06582
2610.06598
2610.06805
2610.06814
2610.07028
2610.07355
2610.07381
2610.07540
2610.07599
2610.07949
2610.08526
2610.08640
2610.08777
2610.08780
2610.08791
